-3.046590,15.704762,23.866667 3.144246,15.685337,23.866667 -3.046588,15.704763,-23.600000 
3.144246,15.685337,23.866667 3.144247,15.685337,-23.600000 -3.046588,15.704763,-23.600000 
3.144246,15.685337,23.866667 8.856399,13.298260,23.866667 3.144247,15.685337,-23.600000 
8.856399,13.298260,23.866667 8.856400,13.298261,-23.600000 3.144247,15.685337,-23.600000 
8.856399,13.298260,23.866667 13.220245,8.906943,23.866667 8.856400,13.298261,-23.600000 
13.220245,8.906943,23.866667 13.220246,8.906943,-23.600000 8.856400,13.298261,-23.600000 
13.220245,8.906943,23.866667 15.571428,3.179923,23.866667 13.220246,8.906943,-23.600000 
15.571428,3.179923,23.866667 15.571429,3.179923,-23.600000 13.220246,8.906943,-23.600000 
15.571428,3.179923,23.866667 15.552003,-3.010914,23.866667 15.571429,3.179923,-23.600000 
15.552003,-3.010914,23.866667 15.552004,-3.010914,-23.600000 15.571429,3.179923,-23.600000 
15.552003,-3.010914,23.866667 13.164926,-8.723066,23.866667 15.552004,-3.010914,-23.600000 
13.164926,-8.723066,23.866667 13.164928,-8.723066,-23.600000 15.552004,-3.010914,-23.600000 
13.164926,-8.723066,23.866667 8.773609,-13.086912,23.866667 13.164928,-8.723066,-23.600000 
8.773609,-13.086912,23.866667 8.773610,-13.086911,-23.600000 13.164928,-8.723066,-23.600000 
8.773609,-13.086912,23.866667 3.046589,-15.438095,23.866667 8.773610,-13.086911,-23.600000 
3.046589,-15.438095,23.866667 3.046590,-15.438095,-23.600000 8.773610,-13.086911,-23.600000 
3.046589,-15.438095,23.866667 -3.144246,-15.418671,23.866667 3.046590,-15.438095,-23.600000 
-3.144246,-15.418671,23.866667 -3.144245,-15.418671,-23.600000 3.046590,-15.438095,-23.600000 
-3.144246,-15.418671,23.866667 -8.856399,-13.031594,23.866667 -3.144245,-15.418671,-23.600000 
-8.856399,-13.031594,23.866667 -8.856398,-13.031594,-23.600000 -3.144245,-15.418671,-23.600000 
-8.856399,-13.031594,23.866667 -13.220246,-8.640277,23.866667 -8.856398,-13.031594,-23.600000 
-13.220246,-8.640277,23.866667 -13.220245,-8.640277,-23.600000 -8.856398,-13.031594,-23.600000 
-13.220246,-8.640277,23.866667 -15.571429,-2.913257,23.866667 -13.220245,-8.640277,-23.600000 
-15.571429,-2.913257,23.866667 -15.571428,-2.913257,-23.600000 -13.220245,-8.640277,-23.600000 
-15.571429,-2.913257,23.866667 -15.552005,3.277579,23.866667 -15.571428,-2.913257,-23.600000 
-15.552005,3.277579,23.866667 -15.552003,3.277580,-23.600000 -15.571428,-2.913257,-23.600000 
-15.552005,3.277579,23.866667 -13.164928,8.989732,23.866667 -15.552003,3.277580,-23.600000 
-13.164928,8.989732,23.866667 -13.164927,8.989732,-23.600000 -15.552003,3.277580,-23.600000 
-13.164928,8.989732,23.866667 -8.773611,13.353578,23.866667 -13.164927,8.989732,-23.600000 
-8.773611,13.353578,23.866667 -8.773609,13.353578,-23.600000 -13.164927,8.989732,-23.600000 
-8.773611,13.353578,23.866667 -3.046590,15.704762,23.866667 -8.773609,13.353578,-23.600000 
-3.046590,15.704762,23.866667 -3.046588,15.704763,-23.600000 -8.773609,13.353578,-23.600000 
