-0.265560,-0.132780,-1.946768 -16.308815,-7.724381,-1.946768 -16.464731,8.276625,0.000000 
-16.464731,8.276625,0.000000 -16.308815,-7.724381,-1.946768 -23.767635,0.132780,0.000000 
-16.464731,8.276625,0.000000 -23.767635,0.132780,0.000000 -23.634855,23.502075,2.920152 
-16.308815,-7.724381,-1.946768 -0.265560,-0.132780,-1.946768 -5.823196,-2.845896,1.776170 
-5.823196,-2.845896,1.776170 -0.265560,-0.132780,-1.946768 -16.464731,8.276625,0.000000 
-19.558481,4.417973,1.723738 -5.823196,-2.845896,1.776170 -16.464731,8.276625,0.000000 
-16.308815,-7.724381,-1.946768 -5.823196,-2.845896,1.776170 -19.558481,4.417973,1.723738 
-19.558481,4.417973,1.723738 -23.767635,0.132780,0.000000 -16.308815,-7.724381,-1.946768 
-16.464731,8.276625,0.000000 -23.634855,23.502075,2.920152 -19.558481,4.417973,1.723738 
-19.558481,4.417973,1.723738 -23.634855,23.502075,2.920152 -23.767635,0.132780,0.000000 
