-0.492644,7.030303,0.000000 -8.289494,15.254979,-7.786614 -24.006340,7.122403,-1.667128 
-0.492644,7.030303,0.000000 7.930905,15.331775,-7.984104 -8.289494,15.254979,-7.786614 
23.601660,7.512815,-1.561859 7.930905,15.331775,-7.984104 -0.492644,7.030303,0.000000 
-8.016728,-16.521921,-2.849459 -0.324574,-7.667714,0.000000 -24.101715,-8.124220,-1.703458 
7.029477,-17.167233,-1.374438 -0.324574,-7.667714,0.000000 -8.016728,-16.521921,-2.849459 
23.767635,-7.496039,-1.590944 -0.324574,-7.667714,0.000000 7.029477,-17.167233,-1.374438 
-24.101715,-8.124220,-1.703458 -0.492644,7.030303,0.000000 -24.006340,7.122403,-1.667128 
-0.324574,-7.667714,0.000000 -0.492644,7.030303,0.000000 -24.101715,-8.124220,-1.703458 
23.601660,7.512815,-1.561859 -0.492644,7.030303,0.000000 -0.324574,-7.667714,0.000000 
-0.324574,-7.667714,0.000000 23.767635,-7.496039,-1.590944 23.601660,7.512815,-1.561859 
-6.683433,0.132780,1.460076 -6.862981,3.585062,2.878568 -11.764737,3.717843,2.026857 
16.420301,7.302905,1.460076 12.027452,7.435685,2.878568 11.905779,3.717843,2.026857 
23.601660,7.512815,-1.561859 24.029600,7.213011,-10.136689 7.930905,15.331775,-7.984104 
23.601660,7.512815,-1.561859 23.767635,-7.496039,-1.590944 24.029600,7.213011,-10.136689 
24.263617,-7.995073,-9.941494 24.029600,7.213011,-10.136689 23.767635,-7.496039,-1.590944 
24.263617,-7.995073,-9.941494 23.767635,-7.496039,-1.590944 7.029477,-17.167233,-1.374438 
7.029477,-17.167233,-1.374438 -8.016728,-16.521921,-2.849459 -7.280612,-16.372284,-8.302606 
-7.280612,-16.372284,-8.302606 7.560158,-16.556141,-6.989066 7.029477,-17.167233,-1.374438 
7.560158,-16.556141,-6.989066 24.263617,-7.995073,-9.941494 7.029477,-17.167233,-1.374438 
7.930905,15.331775,-7.984104 8.192356,15.095397,-12.363204 -7.917920,15.133795,-12.455523 
-7.917920,15.133795,-12.455523 -8.289494,15.254979,-7.786614 7.930905,15.331775,-7.984104 
7.930905,15.331775,-7.984104 24.029600,7.213011,-10.136689 8.192356,15.095397,-12.363204 
-23.679586,-7.731085,-10.260633 -24.101715,-8.124220,-1.703458 -24.006340,7.122403,-1.667128 
-24.006340,7.122403,-1.667128 -23.618130,7.233991,-10.162465 -23.679586,-7.731085,-10.260633 
-8.016728,-16.521921,-2.849459 -24.101715,-8.124220,-1.703458 -7.280612,-16.372284,-8.302606 
-23.679586,-7.731085,-10.260633 -7.280612,-16.372284,-8.302606 -24.101715,-8.124220,-1.703458 
-23.618130,7.233991,-10.162465 -24.006340,7.122403,-1.667128 -8.289494,15.254979,-7.786614 
-8.289494,15.254979,-7.786614 -7.917920,15.133795,-12.455523 -23.618130,7.233991,-10.162465 
0.823109,7.030303,-14.795368 8.192356,15.095397,-12.363204 24.029600,7.213011,-10.136689 
0.823109,7.030303,-14.795368 -7.917920,15.133795,-12.455523 8.192356,15.095397,-12.363204 
-23.618130,7.233991,-10.162465 -7.917920,15.133795,-12.455523 0.823109,7.030303,-14.795368 
7.560158,-16.556141,-6.989066 0.574562,-7.632724,-13.203954 24.263617,-7.995073,-9.941494 
-7.280612,-16.372284,-8.302606 0.574562,-7.632724,-13.203954 7.560158,-16.556141,-6.989066 
-23.679586,-7.731085,-10.260633 0.574562,-7.632724,-13.203954 -7.280612,-16.372284,-8.302606 
24.263617,-7.995073,-9.941494 0.823109,7.030303,-14.795368 24.029600,7.213011,-10.136689 
0.574562,-7.632724,-13.203954 0.823109,7.030303,-14.795368 24.263617,-7.995073,-9.941494 
-23.618130,7.233991,-10.162465 0.823109,7.030303,-14.795368 0.574562,-7.632724,-13.203954 
0.574562,-7.632724,-13.203954 -23.679586,-7.731085,-10.260633 -23.618130,7.233991,-10.162465 
-5.908966,7.037344,3.163498 -11.377504,7.170125,2.878568 -6.862981,3.585062,2.878568 
-15.712479,7.302905,1.460076 -11.764737,3.717843,2.026857 -11.377504,7.170125,2.878568 
-6.862981,3.585062,2.878568 -11.377504,7.170125,2.878568 -11.764737,3.717843,2.026857 
7.634603,7.568465,3.163498 7.512930,3.850623,2.878568 12.027452,7.435685,2.878568 
7.391257,0.132780,1.460076 11.905779,3.717843,2.026857 7.512930,3.850623,2.878568 
12.027452,7.435685,2.878568 7.512930,3.850623,2.878568 11.905779,3.717843,2.026857 
