-5.802794,0.278810,5.231939 -12.777860,0.722945,3.389666 -24.133188,-15.798974,-0.011374 
-12.777860,0.722945,3.389666 -5.802794,0.278810,5.231939 -24.030849,16.129917,0.002288 
-5.802794,0.278810,5.231939 -24.133188,-15.798974,-0.011374 -0.070060,0.054567,0.015689 
-24.030849,16.129917,0.002288 -5.802794,0.278810,5.231939 -0.070060,0.054567,0.015689 
-5.799999,0.000000,-5.206510 -12.743881,0.166247,-3.730524 -24.030849,16.129917,0.002288 
-12.743881,0.166247,-3.730524 -5.799999,0.000000,-5.206510 -24.133188,-15.798974,-0.011374 
-5.799999,0.000000,-5.206510 -24.030849,16.129917,0.002288 -0.070060,0.054567,0.015689 
-24.133188,-15.798974,-0.011374 -5.799999,0.000000,-5.206510 -0.070060,0.054567,0.015689 
-12.743881,0.166247,-3.730524 -11.071464,0.052181,-0.082787 -24.030849,16.129917,0.002288 
-11.071464,0.052181,-0.082787 -12.777860,0.722945,3.389666 -24.030849,16.129917,0.002288 
-24.133188,-15.798974,-0.011374 -11.071464,0.052181,-0.082787 -12.743881,0.166247,-3.730524 
-24.133188,-15.798974,-0.011374 -12.777860,0.722945,3.389666 -11.071464,0.052181,-0.082787 
5.664729,-0.039585,5.231939 12.647977,-0.327753,3.389666 23.631292,16.443771,-0.011374 
12.647977,-0.327753,3.389666 5.664729,-0.039585,5.231939 24.242421,-15.479433,0.002288 
5.664729,-0.039585,5.231939 23.631292,16.443771,-0.011374 -0.070060,0.054567,0.015689 
24.242421,-15.479433,0.002288 5.664729,-0.039585,5.231939 -0.070060,0.054567,0.015689 
5.655705,0.239093,-5.206510 12.601568,0.228046,-3.730524 24.242421,-15.479433,0.002288 
12.601568,0.228046,-3.730524 5.655705,0.239093,-5.206510 23.631292,16.443771,-0.011374 
5.655705,0.239093,-5.206510 24.242421,-15.479433,0.002288 -0.070060,0.054567,0.015689 
23.631292,16.443771,-0.011374 5.655705,0.239093,-5.206510 -0.070060,0.054567,0.015689 
12.601568,0.228046,-3.730524 10.927019,0.304714,-0.082787 24.242421,-15.479433,0.002288 
10.927019,0.304714,-0.082787 12.647977,-0.327753,3.389666 24.242421,-15.479433,0.002288 
23.631292,16.443771,-0.011374 10.927019,0.304714,-0.082787 12.601568,0.228046,-3.730524 
23.631292,16.443771,-0.011374 12.647977,-0.327753,3.389666 10.927019,0.304714,-0.082787 
