-0.000000,0.000000,8.000000 8.663125,11.923769,0.000000 -0.000000,14.738589,0.000000 
-0.000000,0.000000,8.000000 14.017231,4.554475,0.000000 8.663125,11.923769,0.000000 
-0.000000,0.000000,8.000000 14.017231,-4.554474,0.000000 14.017231,4.554475,0.000000 
-0.000000,0.000000,8.000000 8.663126,-11.923769,0.000000 14.017231,-4.554474,0.000000 
-0.000000,0.000000,8.000000 0.000001,-14.738589,0.000000 8.663126,-11.923769,0.000000 
-0.000000,0.000000,8.000000 -8.663125,-11.923770,-0.000000 0.000001,-14.738589,0.000000 
-0.000000,0.000000,8.000000 -14.017231,-4.554476,-0.000000 -8.663125,-11.923770,-0.000000 
-0.000000,0.000000,8.000000 -14.017232,4.554473,-0.000000 -14.017231,-4.554476,-0.000000 
-0.000000,0.000000,8.000000 -8.663127,11.923768,-0.000000 -14.017232,4.554473,-0.000000 
-0.000000,0.000000,8.000000 -0.000000,14.738589,0.000000 -8.663127,11.923768,-0.000000 
