0.000000,0.000001,-24.000000 -11.412679,3.708204,-20.784610 0.000000,12.000001,-20.784609 
0.000000,-0.000001,24.000000 7.053423,9.708204,20.784610 -7.053424,9.708203,20.784610 
0.000000,0.000001,-24.000000 0.000000,12.000001,-20.784609 11.412678,3.708205,-20.784610 
0.000000,0.000001,-24.000000 11.412678,3.708205,-20.784610 7.053423,-9.708203,-20.784610 
0.000000,0.000001,-24.000000 7.053423,-9.708203,-20.784610 -7.053422,-9.708204,-20.784610 
0.000000,0.000001,-24.000000 -7.053422,-9.708204,-20.784610 -11.412679,3.708204,-20.784610 
0.000000,-0.000001,24.000000 -7.053424,9.708203,20.784610 -11.412678,-3.708205,20.784610 
0.000000,-0.000001,24.000000 -11.412678,-3.708205,20.784610 0.000001,-12.000001,20.784609 
0.000000,-0.000001,24.000000 0.000001,-12.000001,20.784609 11.412678,-3.708204,20.784610 
0.000000,-0.000001,24.000000 11.412678,-3.708204,20.784610 7.053423,9.708204,20.784610 
0.000000,20.784610,-11.999999 7.416408,22.825356,0.000001 11.482696,15.804576,-13.941416 
19.767338,6.422798,-12.000000 24.000000,0.000001,0.000000 18.579393,-6.036810,-13.941417 
12.216888,-16.815102,-12.000000 7.416409,-22.825356,-0.000001 0.000001,-19.535529,-13.941417 
-12.216886,-16.815103,-12.000000 -19.416407,-14.106847,-0.000000 -18.579392,-6.036812,-13.941417 
-19.767339,6.422796,-12.000000 -19.416409,14.106844,0.000000 -11.482697,15.804575,-13.941416 
19.767339,-6.422797,12.000000 24.000000,0.000001,0.000000 18.579392,6.036811,13.941417 
0.000001,-20.784610,11.999999 7.416409,-22.825356,-0.000001 11.482697,-15.804575,13.941416 
-19.767338,-6.422799,12.000000 -19.416407,-14.106847,-0.000000 -11.482695,-15.804576,13.941416 
-12.216889,16.815101,12.000000 -19.416409,14.106844,0.000000 -18.579393,6.036809,13.941417 
12.216887,16.815102,12.000000 7.416408,22.825356,0.000001 -0.000001,19.535529,13.941417 
-19.767339,6.422796,-12.000000 -11.482697,15.804575,-13.941416 -11.412679,3.708204,-20.784610 
0.000000,20.784610,-11.999999 0.000000,12.000001,-20.784609 -11.482697,15.804575,-13.941416 
-11.412679,3.708204,-20.784610 -11.482697,15.804575,-13.941416 0.000000,12.000001,-20.784609 
12.216887,16.815102,12.000000 -0.000001,19.535529,13.941417 7.053423,9.708204,20.784610 
-12.216889,16.815101,12.000000 -7.053424,9.708203,20.784610 -0.000001,19.535529,13.941417 
7.053423,9.708204,20.784610 -0.000001,19.535529,13.941417 -7.053424,9.708203,20.784610 
0.000000,20.784610,-11.999999 11.482696,15.804576,-13.941416 0.000000,12.000001,-20.784609 
19.767338,6.422798,-12.000000 11.412678,3.708205,-20.784610 11.482696,15.804576,-13.941416 
0.000000,12.000001,-20.784609 11.482696,15.804576,-13.941416 11.412678,3.708205,-20.784610 
19.767338,6.422798,-12.000000 18.579393,-6.036810,-13.941417 11.412678,3.708205,-20.784610 
12.216888,-16.815102,-12.000000 7.053423,-9.708203,-20.784610 18.579393,-6.036810,-13.941417 
11.412678,3.708205,-20.784610 18.579393,-6.036810,-13.941417 7.053423,-9.708203,-20.784610 
12.216888,-16.815102,-12.000000 0.000001,-19.535529,-13.941417 7.053423,-9.708203,-20.784610 
-12.216886,-16.815103,-12.000000 -7.053422,-9.708204,-20.784610 0.000001,-19.535529,-13.941417 
7.053423,-9.708203,-20.784610 0.000001,-19.535529,-13.941417 -7.053422,-9.708204,-20.784610 
-12.216886,-16.815103,-12.000000 -18.579392,-6.036812,-13.941417 -7.053422,-9.708204,-20.784610 
-19.767339,6.422796,-12.000000 -11.412679,3.708204,-20.784610 -18.579392,-6.036812,-13.941417 
-7.053422,-9.708204,-20.784610 -18.579392,-6.036812,-13.941417 -11.412679,3.708204,-20.784610 
-12.216889,16.815101,12.000000 -18.579393,6.036809,13.941417 -7.053424,9.708203,20.784610 
-19.767338,-6.422799,12.000000 -11.412678,-3.708205,20.784610 -18.579393,6.036809,13.941417 
-7.053424,9.708203,20.784610 -18.579393,6.036809,13.941417 -11.412678,-3.708205,20.784610 
-19.767338,-6.422799,12.000000 -11.482695,-15.804576,13.941416 -11.412678,-3.708205,20.784610 
0.000001,-20.784610,11.999999 0.000001,-12.000001,20.784609 -11.482695,-15.804576,13.941416 
-11.412678,-3.708205,20.784610 -11.482695,-15.804576,13.941416 0.000001,-12.000001,20.784609 
0.000001,-20.784610,11.999999 11.482697,-15.804575,13.941416 0.000001,-12.000001,20.784609 
19.767339,-6.422797,12.000000 11.412678,-3.708204,20.784610 11.482697,-15.804575,13.941416 
0.000001,-12.000001,20.784609 11.482697,-15.804575,13.941416 11.412678,-3.708204,20.784610 
19.767339,-6.422797,12.000000 18.579392,6.036811,13.941417 11.412678,-3.708204,20.784610 
12.216887,16.815102,12.000000 7.053423,9.708204,20.784610 18.579392,6.036811,13.941417 
11.412678,-3.708204,20.784610 18.579392,6.036811,13.941417 7.053423,9.708204,20.784610 
12.216887,16.815102,12.000000 19.416408,14.106846,0.000000 7.416408,22.825356,0.000001 
19.767338,6.422798,-12.000000 11.482696,15.804576,-13.941416 19.416408,14.106846,0.000000 
7.416408,22.825356,0.000001 19.416408,14.106846,0.000000 11.482696,15.804576,-13.941416 
19.767339,-6.422797,12.000000 19.416408,-14.106845,-0.000000 24.000000,0.000001,0.000000 
12.216888,-16.815102,-12.000000 18.579393,-6.036810,-13.941417 19.416408,-14.106845,-0.000000 
24.000000,0.000001,0.000000 19.416408,-14.106845,-0.000000 18.579393,-6.036810,-13.941417 
0.000001,-20.784610,11.999999 -7.416407,-22.825357,-0.000001 7.416409,-22.825356,-0.000001 
-12.216886,-16.815103,-12.000000 0.000001,-19.535529,-13.941417 -7.416407,-22.825357,-0.000001 
7.416409,-22.825356,-0.000001 -7.416407,-22.825357,-0.000001 0.000001,-19.535529,-13.941417 
-19.767338,-6.422799,12.000000 -24.000000,-0.000002,-0.000000 -19.416407,-14.106847,-0.000000 
-19.767339,6.422796,-12.000000 -18.579392,-6.036812,-13.941417 -24.000000,-0.000002,-0.000000 
-19.416407,-14.106847,-0.000000 -24.000000,-0.000002,-0.000000 -18.579392,-6.036812,-13.941417 
-12.216889,16.815101,12.000000 -7.416409,22.825356,0.000001 -19.416409,14.106844,0.000000 
0.000000,20.784610,-11.999999 -11.482697,15.804575,-13.941416 -7.416409,22.825356,0.000001 
-19.416409,14.106844,0.000000 -7.416409,22.825356,0.000001 -11.482697,15.804575,-13.941416 
19.767338,6.422798,-12.000000 19.416408,14.106846,0.000000 24.000000,0.000001,0.000000 
12.216887,16.815102,12.000000 18.579392,6.036811,13.941417 19.416408,14.106846,0.000000 
24.000000,0.000001,0.000000 19.416408,14.106846,0.000000 18.579392,6.036811,13.941417 
12.216888,-16.815102,-12.000000 19.416408,-14.106845,-0.000000 7.416409,-22.825356,-0.000001 
19.767339,-6.422797,12.000000 11.482697,-15.804575,13.941416 19.416408,-14.106845,-0.000000 
7.416409,-22.825356,-0.000001 19.416408,-14.106845,-0.000000 11.482697,-15.804575,13.941416 
-12.216886,-16.815103,-12.000000 -7.416407,-22.825357,-0.000001 -19.416407,-14.106847,-0.000000 
0.000001,-20.784610,11.999999 -11.482695,-15.804576,13.941416 -7.416407,-22.825357,-0.000001 
-19.416407,-14.106847,-0.000000 -7.416407,-22.825357,-0.000001 -11.482695,-15.804576,13.941416 
-19.767339,6.422796,-12.000000 -24.000000,-0.000002,-0.000000 -19.416409,14.106844,0.000000 
-19.767338,-6.422799,12.000000 -18.579393,6.036809,13.941417 -24.000000,-0.000002,-0.000000 
-19.416409,14.106844,0.000000 -24.000000,-0.000002,-0.000000 -18.579393,6.036809,13.941417 
0.000000,20.784610,-11.999999 -7.416409,22.825356,0.000001 7.416408,22.825356,0.000001 
-12.216889,16.815101,12.000000 -0.000001,19.535529,13.941417 -7.416409,22.825356,0.000001 
7.416408,22.825356,0.000001 -7.416409,22.825356,0.000001 -0.000001,19.535529,13.941417 
