21.369967,-1.496835,0.413929 20.464891,-0.247203,3.033334 12.936377,-10.805858,-0.052681 
17.584715,0.704476,6.066667 10.071278,-6.820883,6.013986 10.056201,-9.854179,2.980653 
17.584715,0.704476,6.066667 14.704538,1.656156,3.033334 10.071278,-6.820883,6.013986 
11.824362,2.607835,0.000000 6.909866,-2.408505,-0.053105 6.894789,-5.441801,2.980229 
11.824362,2.607835,0.000000 14.704538,1.656156,-3.033334 6.909866,-2.408505,-0.053105 
17.584715,0.704477,-6.066667 9.774966,-6.393480,-6.119772 9.790043,-3.360184,-3.086439 
17.584715,0.704477,-6.066667 20.464891,-0.247202,-3.033334 9.774966,-6.393480,-6.119772 
21.369967,-1.496835,0.413929 12.936377,-10.805858,-0.052681 12.951455,-7.772562,-3.086014 
0.170113,-17.422714,-0.054378 0.185191,-14.389418,2.978955 -12.576956,-9.847375,0.297170 
0.213192,-11.785223,6.066667 -9.672385,-5.891079,6.363837 -12.561879,-6.814080,3.330504 
0.213192,-11.785223,6.066667 0.228269,-8.751927,3.033334 -9.672385,-5.891079,6.363837 
0.243346,-5.718631,0.000000 -6.312574,-2.933470,0.343122 -9.202070,-3.856470,3.376456 
0.243346,-5.718631,0.000000 0.228269,-8.751926,-3.033334 -6.312574,-2.933470,0.343122 
0.213192,-11.785222,-6.066667 -9.217146,-6.889766,-5.723545 -6.327651,-5.966765,-2.690211 
0.213192,-11.785222,-6.066667 0.185191,-14.389418,-3.087712 -9.217146,-6.889766,-5.723545 
0.170113,-17.422714,-0.054378 -12.576956,-9.847375,0.297170 -9.687461,-8.924374,-2.736163 
-21.403978,-0.674897,-0.306021 -19.922810,-0.046453,3.033334 -15.804873,8.214440,0.116335 
-17.033316,0.876548,6.066667 -14.143820,1.799548,3.033334 -12.915379,9.137441,3.149668 
-11.254325,2.722549,0.000000 -14.143819,1.799548,-3.033334 -9.987112,8.773140,0.279469 
-17.033314,0.876548,-6.066667 -19.922810,-0.046453,-3.033334 -12.876606,7.850139,-2.753864 
7.484152,16.195057,0.000001 13.255828,8.024911,2.952828 16.406469,7.504030,-0.188838 
7.484152,16.195057,0.000001 10.375651,8.976590,-0.080506 13.255828,8.024911,2.952828 
7.484152,16.195057,0.000001 13.526292,8.455710,-3.222171 10.375651,8.976590,-0.080506 
7.484152,16.195057,0.000001 16.406469,7.504030,-0.188838 13.526292,8.455710,-3.222171 
17.584715,0.704476,6.066667 10.056201,-9.854179,2.980653 20.464891,-0.247203,3.033334 
0.170113,-17.422714,-0.054378 12.936377,-10.805858,-0.052681 10.056201,-9.854179,2.980653 
20.464891,-0.247203,3.033334 10.056201,-9.854179,2.980653 12.936377,-10.805858,-0.052681 
0.213192,-11.785223,6.066667 0.185191,-14.389418,2.978955 10.071278,-6.820883,6.013986 
0.170113,-17.422714,-0.054378 10.056201,-9.854179,2.980653 0.185191,-14.389418,2.978955 
10.071278,-6.820883,6.013986 0.185191,-14.389418,2.978955 10.056201,-9.854179,2.980653 
11.824362,2.607835,0.000000 6.894789,-5.441801,2.980229 14.704538,1.656156,3.033334 
0.213192,-11.785223,6.066667 10.071278,-6.820883,6.013986 6.894789,-5.441801,2.980229 
14.704538,1.656156,3.033334 6.894789,-5.441801,2.980229 10.071278,-6.820883,6.013986 
0.243346,-5.718631,0.000000 0.228269,-8.751927,3.033334 6.909866,-2.408505,-0.053105 
0.213192,-11.785223,6.066667 6.894789,-5.441801,2.980229 0.228269,-8.751927,3.033334 
6.909866,-2.408505,-0.053105 0.228269,-8.751927,3.033334 6.894789,-5.441801,2.980229 
17.584715,0.704477,-6.066667 9.790043,-3.360184,-3.086439 14.704538,1.656156,-3.033334 
0.243346,-5.718631,0.000000 6.909866,-2.408505,-0.053105 9.790043,-3.360184,-3.086439 
14.704538,1.656156,-3.033334 9.790043,-3.360184,-3.086439 6.909866,-2.408505,-0.053105 
0.213192,-11.785222,-6.066667 0.228269,-8.751926,-3.033334 9.774966,-6.393480,-6.119772 
0.243346,-5.718631,0.000000 9.790043,-3.360184,-3.086439 0.228269,-8.751926,-3.033334 
9.774966,-6.393480,-6.119772 0.228269,-8.751926,-3.033334 9.790043,-3.360184,-3.086439 
21.369967,-1.496835,0.413929 12.951455,-7.772562,-3.086014 20.464891,-0.247202,-3.033334 
0.213192,-11.785222,-6.066667 9.774966,-6.393480,-6.119772 12.951455,-7.772562,-3.086014 
20.464891,-0.247202,-3.033334 12.951455,-7.772562,-3.086014 9.774966,-6.393480,-6.119772 
0.170113,-17.422714,-0.054378 0.185191,-14.389418,-3.087712 12.936377,-10.805858,-0.052681 
0.213192,-11.785222,-6.066667 12.951455,-7.772562,-3.086014 0.185191,-14.389418,-3.087712 
12.936377,-10.805858,-0.052681 0.185191,-14.389418,-3.087712 12.951455,-7.772562,-3.086014 
0.213192,-11.785223,6.066667 -12.561879,-6.814080,3.330504 0.185191,-14.389418,2.978955 
-21.403978,-0.674897,-0.306021 -12.576956,-9.847375,0.297170 -12.561879,-6.814080,3.330504 
0.185191,-14.389418,2.978955 -12.561879,-6.814080,3.330504 -12.576956,-9.847375,0.297170 
-17.033316,0.876548,6.066667 -19.922810,-0.046453,3.033334 -9.672385,-5.891079,6.363837 
-21.403978,-0.674897,-0.306021 -12.561879,-6.814080,3.330504 -19.922810,-0.046453,3.033334 
-9.672385,-5.891079,6.363837 -19.922810,-0.046453,3.033334 -12.561879,-6.814080,3.330504 
0.243346,-5.718631,0.000000 -9.202070,-3.856470,3.376456 0.228269,-8.751927,3.033334 
-17.033316,0.876548,6.066667 -9.672385,-5.891079,6.363837 -9.202070,-3.856470,3.376456 
0.228269,-8.751927,3.033334 -9.202070,-3.856470,3.376456 -9.672385,-5.891079,6.363837 
-11.254325,2.722549,0.000000 -14.143820,1.799548,3.033334 -6.312574,-2.933470,0.343122 
-17.033316,0.876548,6.066667 -9.202070,-3.856470,3.376456 -14.143820,1.799548,3.033334 
-6.312574,-2.933470,0.343122 -14.143820,1.799548,3.033334 -9.202070,-3.856470,3.376456 
0.213192,-11.785222,-6.066667 -6.327651,-5.966765,-2.690211 0.228269,-8.751926,-3.033334 
-11.254325,2.722549,0.000000 -6.312574,-2.933470,0.343122 -6.327651,-5.966765,-2.690211 
0.228269,-8.751926,-3.033334 -6.327651,-5.966765,-2.690211 -6.312574,-2.933470,0.343122 
-17.033314,0.876548,-6.066667 -14.143819,1.799548,-3.033334 -9.217146,-6.889766,-5.723545 
-11.254325,2.722549,0.000000 -6.327651,-5.966765,-2.690211 -14.143819,1.799548,-3.033334 
-9.217146,-6.889766,-5.723545 -14.143819,1.799548,-3.033334 -6.327651,-5.966765,-2.690211 
0.170113,-17.422714,-0.054378 -9.687461,-8.924374,-2.736163 0.185191,-14.389418,-3.087712 
-17.033314,0.876548,-6.066667 -9.217146,-6.889766,-5.723545 -9.687461,-8.924374,-2.736163 
0.185191,-14.389418,-3.087712 -9.687461,-8.924374,-2.736163 -9.217146,-6.889766,-5.723545 
-21.403978,-0.674897,-0.306021 -19.922810,-0.046453,-3.033334 -12.576956,-9.847375,0.297170 
-17.033314,0.876548,-6.066667 -9.687461,-8.924374,-2.736163 -19.922810,-0.046453,-3.033334 
-12.576956,-9.847375,0.297170 -19.922810,-0.046453,-3.033334 -9.687461,-8.924374,-2.736163 
-17.033316,0.876548,6.066667 -12.915379,9.137441,3.149668 -19.922810,-0.046453,3.033334 
-6.779261,16.265951,0.000001 -15.804873,8.214440,0.116335 -12.915379,9.137441,3.149668 
-19.922810,-0.046453,3.033334 -12.915379,9.137441,3.149668 -15.804873,8.214440,0.116335 
-11.254325,2.722549,0.000000 -9.987112,8.773140,0.279469 -14.143820,1.799548,3.033334 
-6.779261,16.265951,0.000001 -12.915379,9.137441,3.149668 -9.987112,8.773140,0.279469 
-14.143820,1.799548,3.033334 -9.987112,8.773140,0.279469 -12.915379,9.137441,3.149668 
-17.033314,0.876548,-6.066667 -12.876606,7.850139,-2.753864 -14.143819,1.799548,-3.033334 
-6.779261,16.265951,0.000001 -9.987112,8.773140,0.279469 -12.876606,7.850139,-2.753864 
-14.143819,1.799548,-3.033334 -12.876606,7.850139,-2.753864 -9.987112,8.773140,0.279469 
-21.403978,-0.674897,-0.306021 -15.804873,8.214440,0.116335 -19.922810,-0.046453,-3.033334 
-6.779261,16.265951,0.000001 -12.876606,7.850139,-2.753864 -15.804873,8.214440,0.116335 
-19.922810,-0.046453,-3.033334 -15.804873,8.214440,0.116335 -12.876606,7.850139,-2.753864 
17.584715,0.704476,6.066667 20.464891,-0.247203,3.033334 13.255828,8.024911,2.952828 
21.369967,-1.496835,0.413929 16.406469,7.504030,-0.188838 20.464891,-0.247203,3.033334 
13.255828,8.024911,2.952828 20.464891,-0.247203,3.033334 16.406469,7.504030,-0.188838 
11.824362,2.607835,0.000000 14.704538,1.656156,3.033334 10.375651,8.976590,-0.080506 
17.584715,0.704476,6.066667 13.255828,8.024911,2.952828 14.704538,1.656156,3.033334 
10.375651,8.976590,-0.080506 14.704538,1.656156,3.033334 13.255828,8.024911,2.952828 
17.584715,0.704477,-6.066667 14.704538,1.656156,-3.033334 13.526292,8.455710,-3.222171 
11.824362,2.607835,0.000000 10.375651,8.976590,-0.080506 14.704538,1.656156,-3.033334 
13.526292,8.455710,-3.222171 14.704538,1.656156,-3.033334 10.375651,8.976590,-0.080506 
21.369967,-1.496835,0.413929 20.464891,-0.247202,-3.033334 16.406469,7.504030,-0.188838 
17.584715,0.704477,-6.066667 13.526292,8.455710,-3.222171 20.464891,-0.247202,-3.033334 
16.406469,7.504030,-0.188838 20.464891,-0.247202,-3.033334 13.526292,8.455710,-3.222171 
