-0.046272,-15.800830,0.000000 7.834025,-0.132780,0.000000 0.353912,-7.966805,3.163498 
0.353912,-7.966805,3.163498 -8.099585,0.000000,0.000000 -0.046272,-15.800830,0.000000 
-8.099585,0.000000,0.000000 -16.066391,15.535270,0.000000 -16.089525,8.099585,2.920152 
-16.066391,15.535270,0.000000 -24.165976,-0.132780,0.000000 -16.089525,8.099585,2.920152 
24.165976,-0.132780,0.000000 16.066391,15.800830,0.000000 15.933610,8.232365,2.920152 
16.066391,15.800830,0.000000 7.834025,-0.132780,0.000000 15.933610,8.232365,2.920152 
-16.089525,8.099585,2.920152 -24.165976,-0.132780,0.000000 -16.000000,6.645643,1.581749 
-8.099585,0.000000,0.000000 -16.089525,8.099585,2.920152 -16.000000,6.645643,1.581749 
-0.000000,-6.444260,1.581749 -8.099585,0.000000,0.000000 0.353912,-7.966805,3.163498 
-0.000000,-6.444260,1.581749 0.353912,-7.966805,3.163498 7.834025,-0.132780,0.000000 
16.000000,6.444260,1.581749 15.933610,8.232365,2.920152 7.834025,-0.132780,0.000000 
24.165976,-0.132780,0.000000 15.933610,8.232365,2.920152 16.000000,6.444260,1.581749 
7.834025,-0.132780,0.000000 16.066391,15.800830,0.000000 16.000000,6.444260,1.581749 
16.000000,6.444260,1.581749 16.066391,15.800830,0.000000 24.165976,-0.132780,0.000000 
7.834025,-0.132780,0.000000 16.066391,15.800830,0.000000 16.000000,6.444260,1.581749 
-0.000000,-6.444260,1.581749 7.834025,-0.132780,0.000000 -0.046272,-15.800830,0.000000 
-0.046272,-15.800830,0.000000 -8.099585,0.000000,0.000000 -0.000000,-6.444260,1.581749 
-16.000000,6.645643,1.581749 -16.066391,15.535270,0.000000 -8.099585,0.000000,0.000000 
-16.000000,6.645643,1.581749 -24.165976,-0.132780,0.000000 -16.066391,15.535270,0.000000 
