0.085237,-2.233333,3.330798 3.084848,-11.231313,0.000000 8.899242,7.961364,0.000000 
0.085237,-2.233333,3.330798 -9.343182,-2.156919,0.000000 3.084848,-11.231313,0.000000 
8.899242,7.961364,0.000000 -2.655152,5.428283,0.000000 0.085237,-2.233333,3.330798 
-2.655152,5.428283,0.000000 -7.776236,4.000000,2.326996 0.085237,-2.233333,3.330798 
0.085237,-2.233333,3.330798 -7.776236,4.000000,2.326996 -9.343182,-2.156919,0.000000 
-7.776236,4.000000,2.326996 -12.350000,7.900000,0.000000 -9.343182,-2.156919,0.000000 
-2.655152,5.428283,0.000000 -6.450000,9.900000,0.000000 -7.776236,4.000000,2.326996 
-9.100000,13.025000,1.779468 -12.350000,7.900000,0.000000 -7.776236,4.000000,2.326996 
-6.450000,9.900000,0.000000 -9.100000,13.025000,1.779468 -7.776236,4.000000,2.326996 
-9.100000,13.025000,1.779468 -9.304545,16.931818,0.000000 -12.350000,7.900000,0.000000 
-5.650000,14.000000,0.000000 -9.100000,13.025000,1.779468 -6.450000,9.900000,0.000000 
-9.100000,13.025000,1.779468 -4.990909,17.244546,0.821293 -9.304545,16.931818,0.000000 
-9.100000,13.025000,1.779468 -5.650000,14.000000,0.000000 -4.990909,17.244546,0.821293 
-4.990909,17.244546,0.821293 -1.450000,19.400000,0.000000 -9.304545,16.931818,0.000000 
-0.450000,17.950000,0.000000 -4.990909,17.244546,0.821293 -5.650000,14.000000,0.000000 
-0.450000,17.950000,0.000000 -1.450000,19.400000,0.000000 -4.990909,17.244546,0.821293 
-0.450000,17.950000,0.000000 5.250000,19.050000,-0.684411 -1.450000,19.400000,0.000000 
