-16.069916,0.200000,0.061669 -0.136619,8.000000,0.085866 -0.266667,0.266667,-8.030418 
-0.136619,-7.733333,0.085865 -0.266667,0.266667,-8.030418 -0.136619,8.000000,0.085866 
-0.266667,0.266667,-8.030418 -0.136619,-7.733333,0.085865 -16.069916,0.200000,0.061669 
-0.136619,8.000000,0.085866 15.796678,0.200000,0.109462 -0.266667,0.266667,-8.030418 
-0.266667,0.266667,-8.030418 15.796678,0.200000,0.109462 -0.136619,-7.733333,0.085865 
15.796678,0.200000,0.109462 -0.136619,8.000000,0.085866 -0.030660,0.266667,8.202113 
-0.136619,-7.733333,0.085865 -0.030660,0.266667,8.202113 -0.136619,8.000000,0.085866 
-0.030660,0.266667,8.202113 -0.136619,-7.733333,0.085865 15.796678,0.200000,0.109462 
-0.136619,8.000000,0.085866 -16.069916,0.200000,0.061669 -0.030660,0.266667,8.202113 
-0.030660,0.266667,8.202113 -16.069916,0.200000,0.061669 -0.136619,-7.733333,0.085865 
