23.345068,-1.198882,0.000000 17.584715,0.704476,6.066667 0.183037,-17.851815,0.000000 
17.584715,0.704476,6.066667 0.213192,-11.785223,6.066667 0.183037,-17.851815,0.000000 
17.584715,0.704476,6.066667 11.824362,2.607835,0.000000 0.213192,-11.785223,6.066667 
11.824362,2.607835,0.000000 0.243346,-5.718631,0.000000 0.213192,-11.785223,6.066667 
0.183037,-17.851815,0.000000 0.213192,-11.785223,6.066667 -22.812304,-0.969454,0.000000 
0.213192,-11.785223,6.066667 -17.033315,0.876548,6.066667 -22.812304,-0.969454,0.000000 
0.213192,-11.785223,6.066667 0.243346,-5.718631,0.000000 -17.033315,0.876548,6.066667 
0.243346,-5.718631,0.000000 -11.254325,2.722549,0.000000 -17.033315,0.876548,6.066667 
-22.812304,-0.969454,0.000000 -17.033315,0.876548,6.066667 -6.779261,16.265952,0.000001 
-17.033315,0.876548,6.066667 -11.254325,2.722549,0.000000 -6.779261,16.265952,0.000001 
7.484152,16.195056,0.000001 17.584715,0.704476,6.066667 23.345068,-1.198882,0.000000 
7.484152,16.195056,0.000001 11.824362,2.607835,0.000000 17.584715,0.704476,6.066667 
