0.000000,12.766667,0.000000 -10.103307,6.633333,3.282762 0.000000,6.633333,10.623245 
0.000000,-11.766667,0.000000 6.244187,-5.633333,8.594386 -6.244188,-5.633333,8.594385 
0.000000,12.766667,0.000000 0.000000,6.633333,10.623245 10.103306,6.633333,3.282763 
0.000000,-11.766667,0.000000 -6.244188,-5.633333,8.594385 -10.103306,-5.633333,-3.282764 
0.000000,-11.766667,0.000000 10.103306,-5.633333,-3.282763 6.244187,-5.633333,8.594386 
0.000000,6.633333,10.623245 6.244187,-5.633333,8.594386 10.103306,6.633333,3.282763 
-10.103307,6.633333,3.282762 -6.244188,-5.633333,8.594385 0.000000,6.633333,10.623245 
10.103306,-5.633333,-3.282763 10.103306,6.633333,3.282763 6.244187,-5.633333,8.594386 
-6.244188,-5.633333,8.594385 -10.103307,6.633333,3.282762 -10.103306,-5.633333,-3.282764 
6.244187,-5.633333,8.594386 0.000000,6.633333,10.623245 -6.244188,-5.633333,8.594385 
