0.378847,-0.061978,1.539943 18.534531,2.345798,-0.074762 9.291179,4.198327,2.909536 
0.378847,-0.061978,1.539943 3.354943,-8.475035,-0.061281 7.881389,-5.441835,3.033692 
0.378847,-0.061978,1.539943 -18.592425,-1.848311,-0.051286 -8.988356,-3.839604,2.909536 
0.378847,-0.061978,1.539943 -2.306580,8.829864,-0.040640 -8.451366,5.905693,2.695145 
0.378847,-0.061978,1.539943 -8.451366,5.905693,2.695145 -17.403900,6.433720,0.342529 
-17.403900,6.433720,0.342529 -8.451366,5.905693,2.695145 -2.306580,8.829864,-0.040640 
5.531640,7.526583,0.006954 9.291179,4.198327,2.909536 18.534531,2.345798,-0.074762 
0.378847,-0.061978,1.539943 9.291179,4.198327,2.909536 5.531640,7.526583,0.006954 
17.204697,-7.452197,-0.120807 7.881389,-5.441835,3.033692 3.354943,-8.475035,-0.061281 
-5.567836,-7.357954,0.114483 -8.988356,-3.839604,2.909536 -18.592425,-1.848311,-0.051286 
-5.567836,-7.357954,0.114483 0.378847,-0.061978,1.539943 -8.988356,-3.839604,2.909536 
7.881389,-5.441835,3.033692 17.204697,-7.452197,-0.120807 0.378847,-0.061978,1.539943 
0.378847,-0.061978,1.539943 -0.045753,7.145761,-1.216730 -12.995627,3.024726,-1.216730 
12.385581,-0.973496,-1.216730 2.233098,6.845553,-1.216730 0.378847,-0.061978,1.539943 
0.677475,-6.609216,-1.216730 12.180894,-2.610994,-1.216730 0.378847,-0.061978,1.539943 
-13.282189,1.428166,-1.216730 -2.570228,-6.581924,-1.216730 0.378847,-0.061978,1.539943 
0.378847,-0.061978,1.539943 -17.403900,6.433720,0.342529 -2.306580,8.829864,-0.040640 
0.378847,-0.061978,1.539943 -5.567836,-7.357954,0.114483 -18.592425,-1.848311,-0.051286 
0.378847,-0.061978,1.539943 17.204697,-7.452197,-0.120807 3.354943,-8.475035,-0.061281 
0.378847,-0.061978,1.539943 5.531640,7.526583,0.006954 18.534531,2.345798,-0.074762 
