  /* P top */
0038b8  22, 44, 0,
0038b8  151, 44, 0,
0277d6  203, 96, 0,
0397e4  177, 122, 0,
0397e4  126, 122, 0,
0277d6  152, 96, 0,
015dc9  134, 78, 0,
015dc9  55, 78, 0,

  /* P bottom */
027dd7  64, 97, 0,
027dd7  107, 97, 0,
003bba  107, 218, 0,
003bba  64, 218, 0,

  /* L */
0038b8  213, 44, 0,
0038b8  256, 44, 0,
0161cb  256, 184, 0,
0161cb  379, 184, 0,
003bba  413, 218, 0,
003bba  213, 218, 0,

  /* A top */
0038b8  381, 44, 0,
0038b8  485, 44, 0,
003bba  659, 218, 0,
003bba  607, 218, 0,
015dc9  467, 78, 0,
015dc9  415, 78, 0,

  /* A bottom */
0277d6  424, 96, 0,
0277d6  467, 96, 0,
049ae6  467, 140, 0,
049ae6  511, 140, 0,
0271d2  545, 174, 0,
0271d2  467, 174, 0,
003bba  467, 218, 0,
003bba  424, 218, 0,

  /* Y top */
0038b8  565, 44, 0,
0038b8  608, 44, 0,
0277d6  608, 96, 0,
0397e4  635, 123, 0,
0397e4  696, 123, 0,
027dd7  723, 96, 0,
0038b8  723, 44, 0,
0038b8  766, 44, 0,
0387dd  766, 105, 0,
038ade  714, 157, 0,
038ade  617, 157, 0,
0387dd  565, 105, 0,

  /* Y bottom */
027bd7  644, 167, 0,
027bd7  687, 167, 0,
003bba  687, 218, 0,
003bba  644, 218, 0,
